Handsome Fellow
========================

(-2, 9), (-5, 12), (-7, 12), (-9, 8), (-7, 3), (-4, 2)

(-2, 6), (-4, -1), (-3, -6), (2, -14), (7, -16), (11, -16), (14, -15), (19, -7), (20, -4), (14, -12), (12, -14), (4, -8), (1, -4), (2, 1), (-2, 6)

(18, -3), (18, -6), (17, -4), (11, -3), (7, -3), (9, -1), (12, 0), (17, -2), (18, -3)

(18, 7), (18, 4), (19, 2), (19, -1), (16, -1), (14, 0), (13, 1)

(9, -4), (12, -4), (15, -5), (16, -7), (15, -7), (15, -9), (14, -10), (11, -9), (8, -6), (8, -4), (9, -4)

(16, 10), (10, 12), (7, 11), (5, 10), (10, 11), (13, 10), (15, 9), (16, 10)

(19, 7), (20, 6), (22, 6), (23, 5), (23, 4), (23, 7), (21, 8), (19, 7)

(19, 4), (21, 4), (22, 3), (21, 2), (19, 4)

(14, 7), (10, 8), (7, 7), (13, 6), (14, 7)

(20, -4), (21, -1), (21, 2), (23, 5), (23, 12), (20, 17), (13, 21), (6, 21), (6, 19), (1, 13), (-1, 9)

(-7, 3), (-7, -4), (-9, 2), (-10, 14), (-6, 21), (-1, 25), (3, 26), (12, 26), (19, 24), (24, 19), (24, 14), (23, 12)

